0 0 0 0 0 0 0 0 0 0 0 0 0 0 0 0 0 0 0 0 0 0 0 0 0 0 0 0 0 0 0 0 0 0 0 0 0 0 0 0 0 0 0 0 0 0 0 0 0 0 0 0 0 0 0 0 0 0 0 0 0 0 0 0 0 0 0 0 0 0 0 0 0 0 0 0 0 0 0 0 0 0 0 0 0 0 0 0 0 0 0 0 0 
0 46 92 138 225 312 399 518 637 756 851 946 1041 1149 1257 1365 1490 1615 1740 1813 1886 1959 2044 2129 2214 2321 2428 2535 2677 2819 2961 3131 3301 3471 3657 3843 4029 4221 4413 4605 4804 5003 5202 5408 5614 5820 6030 6240 6450 6661 6872 7083 7305 7527 7749 7973 8197 8421 8654 8887 9120 9355 9590 9825 10060 10295 10530 10766 11002 11238 11481 11724 11967 12209 12451 12693 12936 13179 13422 13662 13902 14142 14380 14618 14856 15102 15348 15594 15842 16090 16338 16582 16826 
0 99 198 297 451 605 759 991 1223 1455 1619 1783 1947 2158 2369 2580 2832 3084 3336 3525 3714 3903 4070 4237 4404 4629 4854 5079 5373 5667 5961 6305 6649 6993 7372 7751 8130 8516 8902 9288 9684 10080 10476 10888 11300 11712 12131 12550 12969 13396 13823 14250 14693 15136 15579 16032 16485 16938 17401 17864 18327 18794 19261 19728 20195 20662 21129 21602 22075 22548 23031 23514 23997 24476 24955 25434 25917 26400 26883 27359 27835 28311 28792 29273 29754 30246 30738 31230 31722 32214 32706 33195 33684 
0 178 356 534 760 986 1212 1575 1938 2301 2536 2771 3006 3326 3646 3966 4307 4648 4989 5300 5611 5922 6176 6430 6684 7022 7360 7698 8151 8604 9057 9586 10115 10644 11215 11786 12357 12940 13523 14106 14709 15312 15915 16535 17155 17775 18405 19035 19665 20308 20951 21594 22262 22930 23598 24280 24962 25644 26336 27028 27720 28421 29122 29823 30525 31227 31929 32639 33349 34059 34784 35509 36234 36955 37676 38397 39126 39855 40584 41303 42022 42741 43467 44193 44919 45659 46399 47139 47877 48615 49353 50087 50821 
0 258 516 774 1133 1492 1851 2340 2829 3318 3654 3990 4326 4752 5178 5604 6047 6490 6933 7367 7801 8235 8604 8973 9342 9804 10266 10728 11337 11946 12555 13270 13985 14700 15468 16236 17004 17787 18570 19353 20158 20963 21768 22600 23432 24264 25112 25960 26808 27668 28528 29388 30278 31168 32058 32966 33874 34782 35703 36624 37545 38480 39415 40350 41289 42228 43167 44118 45069 46020 46987 47954 48921 49888 50855 51822 52795 53768 54741 55702 56663 57624 58590 59556 60522 61509 62496 63483 64464 65445 66426 67399 68372 
0 312 624 936 1391 1846 2301 2878 3455 4032 4460 4888 5316 5868 6420 6972 7509 8046 8583 9153 9723 10293 10756 11219 11682 12271 12860 13449 14226 15003 15780 16680 17580 18480 19444 20408 21372 22364 23356 24348 25364 26380 27396 28436 29476 30516 31581 32646 33711 34790 35869 36948 38061 39174 40287 41422 42557 43692 44845 45998 47151 48319 49487 50655 51831 53007 54183 55372 56561 57750 58961 60172 61383 62591 63799 65007 66221 67435 68649 69856 71063 72270 73476 74682 75888 77124 78360 79596 80825 82054 83283 84497 85711 
0 423 846 1269 1818 2367 2916 3532 4148 4764 5300 5836 6372 7050 7728 8406 9056 9706 10356 11031 11706 12381 12933 13485 14037 14764 15491 16218 17170 18122 19074 20162 21250 22338 23497 24656 25815 27017 28219 29421 30651 31881 33111 34368 35625 36882 38166 39450 40734 42033 43332 44631 45968 47305 48642 50004 51366 52728 54114 55500 56886 58288 59690 61092 62508 63924 65340 66771 68202 69633 71087 72541 73995 75448 76901 78354 79812 81270 82728 84179 85630 87081 88534 89987 91440 92920 94400 95880 97351 98822 100293 101751 103209 
0 515 1030 1545 2173 2801 3429 4091 4753 5415 6084 6753 7422 8222 9022 9822 10598 11374 12150 12914 13678 14442 15085 15728 16371 17245 18119 18993 20121 21249 22377 23653 24929 26205 27563 28921 30279 31690 33101 34512 35958 37404 38850 40329 41808 43287 44796 46305 47814 49343 50872 52401 53969 55537 57105 58701 60297 61893 63515 65137 66759 68398 70037 71676 73332 74988 76644 78314 79984 81654 83349 85044 86739 88437 90135 91833 93533 95233 96933 98629 100325 102021 103717 105413 107109 108831 110553 112275 113991 115707 117423 119125 120827 
0 594 1188 1782 2510 3238 3966 4720 5474 6228 7017 7806 8595 9508 10421 11334 12258 13182 14106 14935 15764 16593 17334 18075 18816 19837 20858 21879 23186 24493 25800 27269 28738 30207 31772 33337 34902 36525 38148 39771 41439 43107 44775 46475 48175 49875 51614 53353 55092 56853 58614 60375 62179 63983 65787 67613 69439 71265 73127 74989 76851 78730 80609 82488 84387 86286 88185 90096 92007 93918 95858 97798 99738 101675 103612 105549 107490 109431 111372 113310 115248 117186 119115 121044 122973 124938 126903 128868 130820 132772 134724 136665 138606 
0 693 1386 2079 2896 3713 4530 5377 6224 7071 7985 8899 9813 10835 11857 12879 13948 15017 16086 16988 17890 18792 19638 20484 21330 22509 23688 24867 26360 27853 29346 31011 32676 34341 36118 37895 39672 41507 43342 45177 47068 48959 50850 52780 54710 56640 58611 60582 62553 64548 66543 68538 70577 72616 74655 76717 78779 80841 82940 85039 87138 89257 91376 93495 95632 97769 99906 102057 104208 106359 108538 110717 112896 115075 117254 119433 121612 123791 125970 128144 130318 132492 134662 136832 139002 141207 143412 145617 147806 149995 152184 154361 156538 
0 794 1588 2382 3282 4182 5082 6014 6946 7878 8898 9918 10938 12064 13190 14316 15538 16760 17982 18957 19932 20907 21865 22823 23781 25127 26473 27819 29505 31191 32877 34747 36617 38487 40480 42473 44466 46522 48578 50634 52750 54866 56982 59141 61300 63459 65663 67867 70071 72302 74533 76764 79037 81310 83583 85882 88181 90480 92814 95148 97482 99838 102194 104550 106925 109300 111675 114065 116455 118845 121262 123679 126096 128518 130940 133362 135779 138196 140613 143026 145439 147852 150256 152660 155064 157505 159946 162387 164816 167245 169674 172087 174500 
0 894 1788 2682 3667 4652 5637 6677 7717 8757 9908 11059 12210 13453 14696 15939 17272 18605 19938 21022 22106 23190 24276 25362 26448 27974 29500 31026 32908 34790 36672 38749 40826 42903 45112 47321 49530 51809 54088 56367 58707 61047 63387 65777 68167 70557 72999 75441 77883 80347 82811 85275 87781 90287 92793 95331 97869 100407 102982 105557 108132 110724 113316 115908 118522 121136 123750 126378 129006 131634 134289 136944 139599 142258 144917 147576 150231 152886 155541 158189 160837 163485 166125 168765 171405 174080 176755 179430 182098 184766 187434 190082 192730 
0 991 1982 2973 4043 5113 6183 7361 8539 9717 10987 12257 13527 14917 16307 17697 19097 20497 21897 23074 24251 25428 26661 27894 29127 30837 32547 34257 36338 38419 40500 42788 45076 47364 49792 52220 54648 57152 59656 62160 64724 67288 69852 72472 75092 77712 80383 83054 85725 88425 91125 93825 96575 99325 102075 104859 107643 110427 113240 116053 118866 121696 124526 127356 130203 133050 135897 138763 141629 144495 147386 150277 153168 156063 158958 161853 164742 167631 170520 173400 176280 179160 182035 184910 187785 190685 193585 196485 199383 202281 205179 208054 210929 
0 1071 2142 3213 4351 5489 6627 7914 9201 10488 11883 13278 14673 16214 17755 19296 20756 22216 23676 24953 26230 27507 28907 30307 31707 33614 35521 37428 39712 41996 44280 46777 49274 51771 54412 57053 59694 62417 65140 67863 70652 73441 76230 79081 81932 84783 87691 90599 93507 96443 99379 102315 105303 108291 111279 114294 117309 120324 123375 126426 129477 132540 135603 138666 141744 144822 147900 150998 154096 157194 160315 163436 166557 169684 172811 175938 179058 182178 185298 188409 191520 194631 197740 200849 203958 207086 210214 213342 216467 219592 222717 225820 228923 
0 1177 2354 3531 4768 6005 7242 8627 10012 11397 12942 14487 16032 17729 19426 21123 22663 24203 25743 27142 28541 29940 31511 33082 34653 36755 38857 40959 43455 45951 48447 51151 53855 56559 59412 62265 65118 68065 71012 73959 76973 79987 83001 86087 89173 92259 95404 98549 101694 104867 108040 111213 114432 117651 120870 124116 127362 130608 133888 137168 140448 143736 147024 150312 153616 156920 160224 163548 166872 170196 173546 176896 180246 183600 186954 190308 193653 196998 200343 203682 207021 210360 213692 217024 220356 223713 227070 230427 233774 237121 240468 243793 247118 
0 1245 2490 3735 5079 6423 7767 9253 10739 12225 13909 15593 17277 19118 20959 22800 24433 26066 27699 29223 30747 32271 34015 35759 37503 39806 42109 44412 47116 49820 52524 55437 58350 61263 64320 67377 70434 73601 76768 79935 83177 86419 89661 92975 96289 99603 102977 106351 109725 113121 116517 119913 123358 126803 130248 133708 137168 140628 144135 147642 151149 154655 158161 161667 165189 168711 172233 175775 179317 182859 186426 189993 193560 197131 200702 204273 207843 211413 214983 218543 222103 225663 229220 232777 236334 239908 243482 247056 250627 254198 257769 261313 264857 
0 1310 2620 3930 5403 6876 8349 9939 11529 13119 14959 16799 18639 20604 22569 24534 26262 27990 29718 31370 33022 34674 36605 38536 40467 42971 45475 47979 50899 53819 56739 59858 62977 66096 69368 72640 75912 79299 82686 86073 89533 92993 96453 99978 103503 107028 110617 114206 117795 121402 125009 128616 132277 135938 139599 143249 146899 150549 154264 157979 161694 165394 169094 172794 176518 180242 183966 187704 191442 195180 198941 202702 206463 210225 213987 217749 221516 225283 229050 232814 236578 240342 244098 247854 251610 255386 259162 262938 266715 270492 274269 278025 281781 
0 1377 2754 4131 5738 7345 8952 10645 12338 14031 16030 18029 20028 22105 24182 26259 28086 29913 31740 33531 35322 37113 39215 41317 43419 46124 48829 51534 54653 57772 60891 64207 67523 70839 74313 77787 81261 84830 88399 91968 95621 99274 102927 106639 110351 114063 117816 121569 125322 129090 132858 136626 140456 144286 148116 151924 155732 159540 163408 167276 171144 174997 178850 182703 186586 190469 194352 198255 202158 206061 209986 213911 217836 221761 225686 229611 233530 237449 241368 245285 249202 253119 257038 260957 264876 268821 272766 276711 280667 284623 288579 292513 296447 
0 1475 2950 4425 6138 7851 9564 11384 13204 15024 17178 19332 21486 23669 25852 28035 29973 31911 33849 35780 37711 39642 41902 44162 46422 49315 52208 55101 58410 61719 65028 68524 72020 75516 79145 82774 86403 90115 93827 97539 101333 105127 108921 112768 116615 120462 124350 128238 132126 136038 139950 143862 147828 151794 155760 159678 163596 167514 171513 175512 179511 183491 187471 191451 195440 199429 203418 207425 211432 215439 219471 223503 227535 231560 235585 239610 243629 247648 251667 255695 259723 263751 267796 271841 275886 279963 284040 288117 292223 296329 300435 304524 308613 
0 1587 3174 4761 6550 8339 10128 12085 14042 15999 18275 20551 22827 25127 27427 29727 31785 33843 35901 37943 39985 42027 44440 46853 49266 52328 55390 58452 61926 65400 68874 72501 76128 79755 83525 87295 91065 94923 98781 102639 106600 110561 114522 118536 122550 126564 130603 134642 138681 142750 146819 150888 154992 159096 163200 167268 171336 175404 179512 183620 187728 191818 195908 199998 204087 208176 212265 216359 220453 224547 228648 232749 236850 240948 245046 249144 253236 257328 261420 265525 269630 273735 277850 281965 286080 290255 294430 298605 302835 307065 311295 315497 319699 
0 1718 3436 5154 7025 8896 10767 12854 14941 17028 19436 21844 24252 26657 29062 31467 33610 35753 37896 40058 42220 44382 46905 49428 51951 55131 58311 61491 65094 68697 72300 76081 79862 83643 87581 91519 95457 99494 103531 107568 111700 115832 119964 124162 128360 132558 136774 140990 145206 149441 153676 157911 162172 166433 170694 174908 179122 183336 187580 191824 196068 200277 204486 208695 212894 217093 221292 225477 229662 233847 238041 242235 246429 250617 254805 258993 263153 267313 271473 275637 279801 283965 288167 292369 296571 300823 305075 309327 313634 317941 322248 326551 330854 
0 1838 3676 5514 7484 9454 11424 13649 15874 18099 20634 23169 25704 28195 30686 33177 35409 37641 39873 42118 44363 46608 49256 51904 54552 57896 61240 64584 68367 72150 75933 79904 83875 87846 91974 96102 100230 104456 108682 112908 117233 121558 125883 130269 134655 139041 143437 147833 152229 156635 161041 165447 169873 174299 178725 183095 187465 191835 196225 200615 205005 209363 213721 218079 222415 226751 231087 235405 239723 244041 248363 252685 257007 261308 265609 269910 274168 278426 282684 286936 291188 295440 299720 304000 308280 312606 316932 321258 325639 330020 334401 338807 343213 
0 1963 3926 5889 7928 9967 12006 14393 16780 19167 21814 24461 27108 29696 32284 34872 37200 39528 41856 44231 46606 48981 51786 54591 57396 60910 64424 67938 71907 75876 79845 84004 88163 92322 96633 100944 105255 109658 114061 118464 122968 127472 131976 136537 141098 145659 150229 154799 159369 163944 168519 173094 177683 182272 186861 191382 195903 200424 204966 209508 214050 218552 223054 227556 232030 236504 240978 245425 249872 254319 258767 263215 267663 272080 276497 280914 285282 289650 294018 298368 302718 307068 311446 315824 320202 324632 329062 333492 337978 342464 346950 351474 355998 
0 2061 4122 6183 8279 10375 12471 15020 17569 20118 22872 25626 28380 31089 33798 36507 38968 41429 43890 46416 48942 51468 54437 57406 60375 64066 67757 71448 75600 79752 83904 88244 92584 96924 101411 105898 110385 114956 119527 124098 128772 133446 138120 142850 147580 152310 157042 161774 166506 171241 175976 180711 185461 190211 194961 199624 204287 208950 213621 218292 222963 227585 232207 236829 241416 246003 250590 255100 259610 264120 268658 273196 277734 282250 286766 291282 295726 300170 304614 309068 313522 317976 322470 326964 331458 336003 340548 345093 349674 354255 358836 363458 368080 
0 2153 4306 6459 8634 10809 12984 15665 18346 21027 23883 26739 29595 32417 35239 38061 40657 43253 45849 48531 51213 53895 57021 60147 63273 67128 70983 74838 79161 83484 87807 92317 96827 101337 105986 110635 115284 120009 124734 129459 134291 139123 143955 148846 153737 158628 163508 168388 173268 178135 183002 187869 192746 197623 202500 207257 212014 216771 221498 226225 230952 235660 240368 245076 249806 254536 259266 263919 268572 273225 277879 282533 287187 291843 296499 301155 305748 310341 314934 319511 324088 328665 333274 337883 342492 347122 351752 356382 361065 365748 370431 375157 379883 
0 2245 4490 6735 9039 11343 13647 16448 19249 22050 25026 28002 30978 33916 36854 39792 42526 45260 47994 50826 53658 56490 59772 63054 66336 70345 74354 78363 82842 87321 91800 96462 101124 105786 110587 115388 120189 125053 129917 134781 139746 144711 149676 154681 159686 164691 169682 174673 179664 184587 189510 194433 199386 204339 209292 214160 219028 223896 228742 233588 238434 243247 248060 252873 257722 262571 267420 272159 276898 281637 286388 291139 295890 300656 305422 310188 314923 319658 324393 329106 333819 338532 343305 348078 352851 357623 362395 367167 371976 376785 381594 386425 391256 
0 2355 4710 7065 9471 11877 14283 17233 20183 23133 26251 29369 32487 35540 38593 41646 44506 47366 50226 53197 56168 59139 62564 65989 69414 73569 77724 81879 86501 91123 95745 100543 105341 110139 115083 120027 124971 129963 134955 139947 145035 150123 155211 160283 165355 170427 175460 180493 185526 190550 195574 200598 205660 210722 215784 220711 225638 230565 235510 240455 245400 250326 255252 260178 265137 270096 275055 279907 284759 289611 294493 299375 304257 309126 313995 318864 323707 328550 333393 338193 342993 347793 352738 357683 362628 367528 372428 377328 382269 387210 392151 397109 402067 
0 2433 4866 7299 9827 12355 14883 17902 20921 23940 27188 30436 33684 36847 40010 43173 46162 49151 52140 55235 58330 61425 64994 68563 72132 76430 80728 85026 89781 94536 99291 104228 109165 114102 119173 124244 129315 134424 139533 144642 149809 154976 160143 165263 170383 175503 180600 185697 190794 195889 200984 206079 211210 216341 221472 226439 231406 236373 241326 246279 251232 256179 261126 266073 271048 276023 280998 285858 290718 295578 300476 305374 310272 315154 320036 324918 329787 334656 339525 344372 349219 354066 359143 364220 369297 374319 379341 384363 389443 394523 399603 404711 409819 
0 2517 5034 7551 10242 12933 15624 18723 21822 24921 28318 31715 35112 38428 41744 45060 48181 51302 54423 57647 60871 64095 67791 71487 75183 79615 84047 88479 93366 98253 103140 108200 113260 118320 123493 128666 133839 139006 144173 149340 154565 159790 165015 170208 175401 180594 185819 191044 196269 201438 206607 211776 216926 222076 227226 232204 237182 242160 247125 252090 257055 262013 266971 271929 276925 281921 286917 291810 296703 301596 306548 311500 316452 321381 326310 331239 336169 341099 346029 350903 355777 360651 365770 370889 376008 381114 386220 391326 396495 401664 406833 412096 417359 
0 2590 5180 7770 10570 13370 16170 19380 22590 25800 29308 32816 36324 39767 43210 46653 49909 53165 56421 59770 63119 66468 70292 74116 77940 82499 87058 91617 96628 101639 106650 111828 117006 122184 127432 132680 137928 143175 148422 153669 158939 164209 169479 174732 179985 185238 190526 195814 201102 206312 211522 216732 221889 227046 232203 237219 242235 247251 252288 257325 262362 267331 272300 277269 282343 287417 292491 297501 302511 307521 312550 317579 322608 327585 332562 337539 342662 347785 352908 357874 362840 367806 372953 378100 383247 388433 393619 398805 404040 409275 414510 419852 425194 
0 2739 5478 8217 11117 14017 16917 20261 23605 26949 30574 34199 37824 41410 44996 48582 51982 55382 58782 62282 65782 69282 73240 77198 81156 85833 90510 95187 100291 105395 110499 115743 120987 126231 131572 136913 142254 147530 152806 158082 163395 168708 174021 179282 184543 189804 195102 200400 205698 210951 216204 221457 226695 231933 237171 242293 247415 252537 257694 262851 268008 273004 278000 282996 288159 293322 298485 303576 308667 313758 318861 323964 329067 334058 339049 344040 349272 354504 359736 364814 369892 374970 380150 385330 390510 395853 401196 406539 411938 417337 422736 428165 433594 
0 2841 5682 8523 11490 14457 17424 20905 24386 27867 31618 35369 39120 42866 46612 50358 53916 57474 61032 64679 68326 71973 76080 80187 84294 89094 93894 98694 103866 109038 114210 119517 124824 130131 135560 140989 146418 151760 157102 162444 167784 173124 178464 183736 189008 194280 199652 205024 210396 215699 221002 226305 231642 236979 242316 247590 252864 258138 263454 268770 274086 279114 284142 289170 294408 299646 304884 310080 315276 320472 325686 330900 336114 341188 346262 351336 356697 362058 367419 372629 377839 383049 388290 393531 398772 404318 409864 415410 421013 426616 432219 437805 443391 
0 2947 5894 8841 11878 14915 17952 21581 25210 28839 32721 36603 40485 44381 48277 52173 55890 59607 63324 67128 70932 74736 78997 83258 87519 92462 97405 102348 107652 112956 118260 123648 129036 134424 139887 145350 150813 156190 161567 166944 172327 177710 183093 188469 193845 199221 204697 210173 215649 221046 226443 231840 237305 242770 248235 253636 259037 264438 269917 275396 280875 286039 291203 296367 301648 306929 312210 317507 322804 328101 333434 338767 344100 349293 354486 359679 365154 370629 376104 381374 386644 391914 397292 402670 408048 413811 419574 425337 431149 436961 442773 448546 454319 
0 3069 6138 9207 12329 15451 18573 22340 26107 29874 33887 37900 41913 45969 50025 54081 57965 61849 65733 69716 73699 77682 82120 86558 90996 96113 101230 106347 111810 117273 122736 128292 133848 139404 145015 150626 156237 161765 167293 172821 178351 183881 189411 194916 200421 205926 211542 217158 222774 228293 233812 239331 244928 250525 256122 261670 267218 272766 278412 284058 289704 295025 300346 305667 311087 316507 321927 327335 332743 338151 343584 349017 354450 359725 365000 370275 375856 381437 387018 392418 397818 403218 408768 414318 419868 425794 431720 437646 443615 449584 455553 461460 467367 
0 3220 6440 9660 12850 16040 19230 23134 27038 30942 35092 39242 43392 47610 51828 56046 60104 64162 68220 72386 76552 80718 85339 89960 94581 99882 105183 110484 116136 121788 127440 133183 138926 144669 150470 156271 162072 167780 173488 179196 184901 190606 196311 201991 207671 213351 219132 224913 230694 236365 242036 247707 253440 259173 264906 270590 276274 281958 287739 293520 299301 304688 310075 315462 320989 326516 332043 337593 343143 348693 354277 359861 365445 370922 376399 381876 387649 393422 399195 404757 410319 415881 421589 427297 433005 439091 445177 451263 457427 463591 469755 475837 481919 
0 3382 6764 10146 13407 16668 19929 23970 28011 32052 36343 40634 44925 49300 53675 58050 62282 66514 70746 75094 79442 83790 88608 93426 98244 103740 109236 114732 120585 126438 132291 138239 144187 150135 156139 162143 168147 174054 179961 185868 191762 197656 203550 209413 215276 221139 227065 232991 238917 244761 250605 256449 262361 268273 274185 280045 285905 291765 297681 303597 309513 315065 320617 326169 331834 337499 343164 348805 354446 360087 365793 371499 377205 382787 388369 393951 399850 405749 411648 417378 423108 428838 434731 440624 446517 452782 459047 465312 471650 477988 484326 490576 496826 
0 3521 7042 10563 13919 17275 20631 24810 28989 33168 37614 42060 46506 51038 55570 60102 64513 68924 73335 77874 82413 86952 91970 96988 102006 107712 113418 119124 125185 131246 137307 143467 149627 155787 162001 168215 174429 180541 186653 192765 198856 204947 211038 217089 223140 229191 235292 241393 247494 253522 259550 265578 271677 277776 283875 289922 295969 302016 308106 314196 320286 326022 331758 337494 343337 349180 355023 360844 366665 372486 378345 384204 390063 395826 401589 407352 413408 419464 425520 431415 437310 443205 449261 455317 461373 467806 474239 480672 487174 493676 500178 506599 513020 
0 3630 7260 10890 14324 17758 21192 25504 29816 34128 38746 43364 47982 52682 57382 62082 66678 71274 75870 80608 85346 90084 95311 100538 105765 111681 117597 123513 129787 136061 142335 148703 155071 161439 167868 174297 180726 187045 193364 199683 205972 212261 218550 224802 231054 237306 243607 249908 256209 262418 268627 274836 281114 287392 293670 299902 306134 312366 318639 324912 331185 337110 343035 348960 354992 361024 367056 373063 379070 385077 391110 397143 403176 409124 415072 421020 427244 433468 439692 445760 451828 457896 464119 470342 476565 483166 489767 496368 503034 509700 516366 522941 529516 
0 3720 7440 11160 14692 18224 21756 26202 30648 35094 39850 44606 49362 54225 59088 63951 68740 73529 78318 83252 88186 93120 98555 103990 109425 115556 121687 127818 134307 140796 147285 153870 160455 167040 173684 180328 186972 193505 200038 206571 213071 219571 226071 232530 238989 245448 251954 258460 264966 271370 277774 284178 290634 297090 303546 309961 316376 322791 329247 335703 342159 348269 354379 360489 366708 372927 379146 385338 391530 397722 403937 410152 416367 422498 428629 434760 441157 447554 453951 460185 466419 472653 479038 485423 491808 498575 505342 512109 518949 525789 532629 539389 546149 
0 3806 7612 11418 15077 18736 22395 27000 31605 36210 41099 45988 50877 55907 60937 65967 70944 75921 80898 86030 91162 96294 101940 107586 113232 119583 125934 132285 138990 145695 152400 159205 166010 172815 179678 186541 193404 200158 206912 213666 220383 227100 233817 240496 247175 253854 260573 267292 274011 280624 287237 293850 300506 307162 313818 320423 327028 333633 340272 346911 353550 359838 366126 372414 378812 385210 391608 397973 404338 410703 417088 423473 429858 436177 442496 448815 455388 461961 468534 474953 481372 487791 494367 500943 507519 514479 521439 528399 535434 542469 549504 556459 563414 
0 3896 7792 11688 15474 19260 23046 27777 32508 37239 42274 47309 52344 57546 62748 67950 73117 78284 83451 88785 94119 99453 105313 111173 117033 123600 130167 136734 143661 150588 157515 164542 171569 178596 185680 192764 199848 206826 213804 220782 227727 234672 241617 248517 255417 262317 269256 276195 283134 289961 296788 303615 310479 317343 324207 331016 337825 344634 351472 358310 365148 371630 378112 384594 391179 397764 404349 410903 417457 424011 430586 437161 443736 450250 456764 463278 470042 476806 483570 490188 496806 503424 510205 516986 523767 530932 538097 545262 552507 559752 566997 574161 581325 
0 3999 7998 11997 15908 19819 23730 28595 33460 38325 43519 48713 53907 59286 64665 70044 75404 80764 86124 91667 97210 102753 108828 114903 120978 127766 134554 141342 148492 155642 162792 170043 177294 184545 191856 199167 206478 213681 220884 228087 235258 242429 249600 256725 263850 270975 278142 285309 292476 299524 306572 313620 320706 327792 334878 341907 348936 355965 363019 370073 377127 383821 390515 397209 404003 410797 417591 424355 431119 437883 444668 451453 458238 464966 471694 478422 485402 492382 499362 506199 513036 519873 526874 533875 540876 548263 555650 563037 570502 577967 585432 592818 600204 
0 4109 8218 12327 16361 20395 24429 29411 34393 39375 44730 50085 55440 61008 66576 72144 77696 83248 88800 94559 100318 106077 112370 118663 124956 131963 138970 145977 153351 160725 168099 175580 183061 190542 198078 205614 213150 220578 228006 235434 242831 250228 257625 264981 272337 279693 287092 294491 301890 309167 316444 323721 331033 338345 345657 352910 360163 367416 374691 381966 389241 396154 403067 409980 416995 424010 431025 438004 444983 451962 458966 465970 472974 479921 486868 493815 501017 508219 515421 522481 529541 536601 543823 551045 558267 565879 573491 581103 588793 596483 604173 611786 619399 
0 4212 8424 12636 16774 20912 25050 30152 35254 40356 45873 51390 56907 62660 68413 74166 79915 85664 91413 97385 103357 109329 115839 122349 128859 136094 143329 150564 158164 165764 173364 181072 188780 196488 204257 212026 219795 227449 235103 242757 250382 258007 265632 273219 280806 288393 296022 303651 311280 318789 326298 333807 341347 348887 356427 363912 371397 378882 386383 393884 401385 408524 415663 422802 430041 437280 444519 451719 458919 466119 473347 480575 487803 494975 502147 509319 516746 524173 531600 538888 546176 553464 560918 568372 575826 583668 591510 599352 607269 615186 623103 630946 638789 
0 4327 8654 12981 17256 21531 25806 31034 36262 41490 47176 52862 58548 64480 70412 76344 82300 88256 94212 100398 106584 112770 119504 126238 132972 140433 147894 155355 163183 171011 178839 186778 194717 202656 210660 218664 226668 234554 242440 250326 258181 266036 273891 281708 289525 297342 305203 313064 320925 328668 336411 344154 351928 359702 367476 375193 382910 390627 398362 406097 413832 421197 428562 435927 443397 450867 458337 465768 473199 480630 488090 495550 503010 510413 517816 525219 532874 540529 548184 555706 563228 570750 578434 586118 593802 601874 609946 618018 626167 634316 642465 650533 658601 
0 4440 8880 13320 17751 22182 26613 31961 37309 42657 48504 54351 60198 66317 72436 78555 84709 90863 97017 103417 109817 116217 123165 130113 137061 144747 152433 160119 168172 176225 184278 192452 200626 208800 217039 225278 233517 241636 249755 257874 265964 274054 282144 290194 298244 306294 314388 322482 330576 338554 346532 354510 362518 370526 378534 386483 394432 402381 410346 418311 426276 433876 441476 449076 456777 464478 472179 479841 487503 495165 502857 510549 518241 525880 533519 541158 549048 556938 564828 572582 580336 588090 596005 603920 611835 620141 628447 636753 645132 653511 661890 670190 678490 
0 4573 9146 13719 18328 22937 27546 33019 38492 43965 49984 56003 62022 68330 74638 80946 87300 93654 100008 106616 113224 119832 127006 134180 141354 149266 157178 165090 173369 181648 189927 198337 206747 215157 223627 232097 240567 248920 257273 265626 273951 282276 290601 298892 307183 315474 323807 332140 340473 348685 356897 365109 373351 381593 389835 398019 406203 414387 422580 430773 438966 446797 454628 462459 470391 478323 486255 494146 502037 509928 517852 525776 533700 541572 549444 557316 565440 573564 581688 589673 597658 605643 613791 621939 630087 638626 647165 655704 664313 672922 681531 690062 698593 
0 4710 9420 14130 18920 23710 28500 34122 39744 45366 51555 57744 63933 70434 76935 83436 89996 96556 103116 109939 116762 123585 130981 138377 145773 153905 162037 170169 178676 187183 195690 204326 212962 221598 230302 239006 247710 256301 264892 273483 282041 290599 299157 307683 316209 324735 333307 341879 350451 358902 367353 375804 384283 392762 401241 409659 418077 426495 434925 443355 451785 459854 467923 475992 484157 492322 500487 508607 516727 524847 533005 541163 549321 557428 565535 573642 582001 590360 598719 606942 615165 623388 631774 640160 648546 657319 666092 674865 683710 692555 701400 710164 718928 
0 4840 9680 14520 19467 24414 29361 35119 40877 46635 52988 59341 65694 72385 79076 85767 92529 99291 106053 113083 120113 127143 134756 142369 149982 158339 166696 175053 183778 192503 201228 210091 218954 227817 236749 245681 254613 263429 272245 281061 289857 298653 307449 316216 324983 333750 342563 351376 360189 368879 377569 386259 394975 403691 412407 421064 429721 438378 447047 455716 464385 472692 480999 489306 497710 506114 514518 522877 531236 539595 547993 556391 564789 573132 581475 589818 598410 607002 615594 624050 632506 640962 649583 658204 666825 675838 684851 693864 702943 712022 721101 730098 739095 
0 4958 9916 14874 19958 25042 30126 36023 41920 47817 54331 60845 67359 74230 81101 87972 94934 101896 108858 116102 123346 130590 138415 146240 154065 162645 171225 179805 188756 197707 206658 215748 224838 233928 243087 252246 261405 270451 279497 288543 297577 306611 315645 324649 333653 342657 351711 360765 369819 378746 387673 396600 405555 414510 423465 432358 441251 450144 459049 467954 476859 485397 493935 502473 511120 519767 528414 537013 545612 554211 562846 571481 580116 588697 597278 605859 614687 623515 632343 641036 649729 658422 667281 676140 684999 694254 703509 712764 722082 731400 740718 749954 759190 
0 5065 10130 15195 20404 25613 30822 36845 42868 48891 55557 62223 68889 75956 83023 90090 97238 104386 111534 118986 126438 133890 141928 149966 158004 166804 175604 184404 193581 202758 211935 221250 230565 239880 249265 258650 268035 277314 286593 295872 305144 314416 323688 332933 342178 351423 360714 370005 379296 388462 397628 406794 415990 425186 434382 443517 452652 461787 470933 480079 489225 498002 506779 515556 524441 533326 542211 551050 559889 568728 577605 586482 595359 604180 613001 621822 630894 639966 649038 657968 666898 675828 684923 694018 703113 712602 722091 731580 741133 750686 760239 769711 779183 
0 5165 10330 15495 20814 26133 31452 37606 43760 49914 56731 63548 70365 77608 84851 92094 99440 106786 114132 121787 129442 137097 145349 153601 161853 170874 179895 188916 198319 207722 217125 226669 236213 245757 255375 264993 274611 284124 293637 303150 312657 322164 331671 341154 350637 360120 369649 379178 388707 398111 407515 416919 426353 435787 445221 454594 463967 473340 482725 492110 501495 510507 519519 528531 537650 546769 555888 564969 574050 583131 592252 601373 610494 619558 628622 637686 646999 656312 665625 674794 683963 693132 702460 711788 721116 730840 740564 750288 760071 769854 779637 789342 799047 
0 5276 10552 15828 21252 26676 32100 38368 44636 50904 57868 64832 71796 79207 86618 94029 101562 109095 116628 124488 132348 140208 148667 157126 165585 174821 184057 193293 202915 212537 222159 231932 241705 251478 261325 271172 281019 290767 300515 310263 320005 329747 339489 349205 358921 368637 378403 388169 397935 407579 417223 426867 436538 446209 455880 465496 475112 484728 494352 503976 513600 522854 532108 541362 550721 560080 569439 578760 588081 597402 606764 616126 625488 634793 644098 653403 662957 672511 682065 691469 700873 710277 719845 729413 738981 748940 758899 768858 778873 788888 798903 808838 818773 
0 5412 10824 16236 21750 27264 32778 39176 45574 51972 59073 66174 73275 80854 88433 96012 103732 111452 119172 127231 135290 143349 152022 160695 169368 178822 188276 197730 207573 217416 227259 237254 247249 257244 267316 277388 287460 297439 307418 317397 327370 337343 347316 357267 367218 377169 387172 397175 407178 417060 426942 436824 446735 456646 466557 476410 486263 496116 505977 515838 525699 535193 544687 554181 563784 573387 582990 592549 602108 611667 621269 630871 640473 650016 659559 669102 678887 688672 698457 708102 717747 727392 737193 746994 756795 766989 777183 787377 797625 807873 818121 828290 838459 
0 5552 11104 16656 22265 27874 33483 40025 46567 53109 60347 67585 74823 82562 90301 98040 105944 113848 121752 130004 138256 146508 155385 164262 173139 182807 192475 202143 212207 222271 232335 242551 252767 262983 273280 283577 293874 304081 314288 324495 334698 344901 355104 365289 375474 385659 395898 406137 416376 426494 436612 446730 456879 467028 477177 487268 497359 507450 517550 527650 537750 547479 557208 566937 576780 586623 596466 606263 616060 625857 635698 645539 655380 665162 674944 684726 694749 704772 714795 724674 734553 744432 754467 764502 774537 784967 795397 805827 816303 826779 837255 847653 858051 
0 5696 11392 17088 22794 28500 34206 40882 47558 54234 61604 68974 76344 84240 92136 100032 108114 116196 124278 132725 141172 149619 158699 167779 176859 186738 196617 206496 216777 227058 237339 247778 258217 268656 279180 289704 300228 310660 321092 331524 341955 352386 362817 373232 383647 394062 404536 415010 425484 435835 446186 456537 466922 477307 487692 498020 508348 518676 529013 539350 549687 559652 569617 579582 589659 599736 609813 619844 629875 639906 649986 660066 670146 680167 690188 700209 710464 720719 730974 741091 751208 761325 771594 781863 792132 802794 813456 824118 834820 845522 856224 866847 877470 
0 5848 11696 17544 23352 29160 34968 41749 48530 55311 62818 70325 77832 85872 93912 101952 110201 118450 126699 135332 143965 152598 161880 171162 180444 190532 200620 210708 221206 231704 242202 252859 263516 274173 284915 295657 306399 317052 327705 338358 349014 359670 370326 380967 391608 402249 412956 423663 434370 444953 455536 466119 476740 487361 497982 508547 519112 529677 540251 550825 561399 571601 581803 592005 602316 612627 622938 633203 643468 653733 664054 674375 684696 694952 705208 715464 725949 736434 746919 757263 767607 777951 788453 798955 809457 820350 831243 842136 853065 863994 874923 885768 896613 
0 5999 11998 17997 23935 29873 35811 42696 49581 56466 64107 71748 79389 87582 95775 103968 112385 120802 129219 138034 146849 155664 165143 174622 184101 194393 204685 214977 225685 236393 247101 257967 268833 279699 290664 301629 312594 323472 334350 345228 356107 366986 377865 388735 399605 410475 421413 432351 443289 454101 464913 475725 486582 497439 508296 519094 529892 540690 551499 562308 573117 583550 593983 604416 614956 625496 636036 646530 657024 667518 678071 688624 699177 709661 720145 730629 741338 752047 762756 773330 783904 794478 805212 815946 826680 837802 848924 860046 871200 882354 893508 904572 915636 
0 6159 12318 18477 24512 30547 36582 43571 50560 57549 65319 73089 80859 89200 97541 105882 114461 123040 131619 140615 149611 158607 168280 177953 187626 198121 208616 219111 230027 240943 251859 262935 274011 285087 296264 307441 318618 329719 340820 351921 363024 374127 385230 396325 407420 418515 429679 440843 452007 463054 474101 485148 496236 507324 518412 529447 540482 551517 562555 573593 584631 595296 605961 616626 627398 638170 648942 659668 670394 681120 691904 702688 713472 724191 734910 745629 756563 767497 778431 789232 800033 810834 821792 832750 843708 855043 866378 877713 889082 900451 911820 923092 934364 
0 6322 12644 18966 25126 31286 37446 44535 51624 58713 66621 74529 82437 90923 99409 107895 116632 125369 134106 143279 152452 161625 171475 181325 191175 201868 212561 223254 234375 245496 256617 267906 279195 290484 301877 313270 324663 335982 347301 358620 369948 381276 392604 403923 415242 426561 437947 449333 460719 471989 483259 494529 505851 517173 528495 539763 551031 562299 573569 584839 596109 607001 617893 628785 639783 650781 661779 672730 683681 694632 705647 716662 727677 738623 749569 760515 771674 782833 793992 805012 816032 827052 838229 849406 860583 872132 883681 895230 906807 918384 929961 941436 952911 
0 6482 12964 19446 25753 32060 38367 45569 52771 59973 68021 76069 84117 92753 101389 110025 118926 127827 136728 146069 155410 164751 174792 184833 194874 205762 216650 227538 238867 250196 261525 273019 284513 296007 307611 319215 330819 342353 353887 365421 376971 388521 400071 411615 423159 434703 446310 457917 469524 481024 492524 504024 515575 527126 538677 550173 561669 573165 584661 596157 607653 618773 629893 641013 652242 663471 674700 685877 697054 708231 719473 730715 741957 753123 764289 775455 786841 798227 809613 820846 832079 843312 854706 866100 877494 889257 901020 912783 924565 936347 948129 959807 971485 
0 6631 13262 19893 26330 32767 39204 46505 53806 61107 69292 77477 85662 94443 103224 112005 121063 130121 139179 148687 158195 167703 177926 188149 198372 209450 220528 231606 243137 254668 266199 277900 289601 301302 313119 324936 336753 348501 360249 371997 383761 395525 407289 419056 430823 442590 454423 466256 478089 489816 501543 513270 525048 536826 548604 560324 572044 583764 595484 607204 618924 630271 641618 652965 664418 675871 687324 698723 710122 721521 732982 744443 755904 767292 778680 790068 801672 813276 824880 836329 847778 859227 870836 882445 894054 906026 917998 929970 941953 953936 965919 977786 989653 
0 6797 13594 20391 26951 33511 40071 47470 54869 62268 70594 78920 87246 96171 105096 114021 123236 132451 141666 151340 161014 170688 181088 191488 201888 213157 224426 235695 247415 259135 270855 282756 294657 306558 318585 330612 342639 354594 366549 378504 390482 402460 414438 426429 438420 450411 462464 474517 486570 498518 510466 522414 534418 546422 558426 570368 582310 594252 606191 618130 630069 641640 653211 664782 676453 688124 699795 711411 723027 734643 746320 757997 769674 781277 792880 804483 816299 828115 839931 851587 863243 874899 886715 898531 910347 922515 934683 946851 959023 971195 983367 995417 1007467 
0 6965 13930 20895 27593 34291 40989 48510 56031 63552 72015 80478 88941 98017 107093 116169 125536 134903 144270 154102 163934 173766 184340 194914 205488 216948 228408 239868 251781 263694 275607 287705 299803 311901 324130 336359 348588 360753 372918 385083 397275 409467 421659 433866 446073 458280 470547 482814 495081 507246 519411 531576 543797 556018 568239 580401 592563 604725 616881 629037 641193 652984 664775 676566 688456 700346 712236 724070 735904 747738 759632 771526 783420 795242 807064 818886 830915 842944 854973 866832 878691 890550 902569 914588 926607 938965 951323 963681 976037 988393 1000749 1012978 1025207 
0 7118 14236 21354 28182 35010 41838 49541 57244 64947 73529 82111 90693 99908 109123 118338 127861 137384 146907 156903 166899 176895 187634 198373 209112 220753 232394 244035 256139 268243 280347 292640 304933 317226 329660 342094 354528 366900 379272 391644 404052 416460 428868 441289 453710 466131 478620 491109 503598 515983 528368 540753 553193 565633 578073 590448 602823 615198 627571 639944 652317 664326 676335 688344 700452 712560 724668 736712 748756 760800 772903 785006 797109 809136 821163 833190 845420 857650 869880 881943 894006 906069 918282 930495 942708 955251 967794 980337 992875 1005413 1017951 1030358 1042765 
0 7302 14604 21906 28885 35864 42843 50673 58503 66333 75041 83749 92457 101820 111183 120546 130222 139898 149574 159737 169900 180063 190969 201875 212781 224597 236413 248229 260519 272809 285099 297588 310077 322566 335198 347830 360462 373039 385616 398193 410809 423425 436041 448674 461307 473940 486640 499340 512040 524636 537232 549828 562477 575126 587775 600364 612953 625542 638127 650712 663297 675521 687745 699969 712288 724607 736926 749175 761424 773673 785979 798285 810591 822817 835043 847269 859688 872107 884526 896784 909042 921300 933697 946094 958491 971210 983929 996648 1009356 1022064 1034772 1047359 1059946 
0 7467 14934 22401 29494 36587 43680 51604 59528 67452 76276 85100 93924 103425 112926 122427 132256 142085 151914 162236 172558 182880 193948 205016 216084 228076 240068 252060 264535 277010 289485 302168 314851 327534 340369 353204 366039 378820 391601 404382 417208 430034 442860 455707 468554 481401 494312 507223 520134 532942 545750 558558 571419 584280 597141 609944 622747 635550 648342 661134 673926 686357 698788 711219 723745 736271 748797 761256 773715 786174 798680 811186 823692 836119 848546 860973 873578 886183 898788 911228 923668 936108 948680 961252 973824 986715 999606 1012497 1025370 1038243 1051116 1063888 1076660 
0 7643 15286 22929 30153 37377 44601 52631 60661 68691 77633 86575 95517 105160 114803 124446 134431 144416 154401 164873 175345 185817 197043 208269 219495 231662 243829 255996 268652 281308 293964 306839 319714 332589 345622 358655 371688 384674 397660 410646 423679 436712 449745 462799 475853 488907 502024 515141 528258 541270 554282 567294 580364 593434 606504 619513 632522 645531 658533 671535 684537 697172 709807 722442 735174 747906 760638 773298 785958 798618 811325 824032 836739 849359 861979 874599 887384 900169 912954 925568 938182 950796 963533 976270 989007 1002061 1015115 1028169 1041213 1054257 1067301 1080252 1093203 
0 7822 15644 23466 30824 38182 45540 53673 61806 69939 78985 88031 97077 106863 116649 126435 136572 146709 156846 167472 178098 188724 200106 211488 222870 235207 247544 259881 272715 285549 298383 311442 324501 337560 350786 364012 377238 390429 403620 416811 430049 443287 456525 469779 483033 496287 509612 522937 536262 549476 562690 575904 589174 602444 615714 628925 642136 655347 668554 681761 694968 707800 720632 733464 746396 759328 772260 785114 797968 810822 823721 836620 849519 862322 875125 887928 900886 913844 926802 939578 952354 965130 978023 990916 1003809 1017026 1030243 1043460 1056683 1069906 1083129 1096269 1109409 
0 7995 15990 23985 31499 39013 46527 54748 62969 71190 80341 89492 98643 108560 118477 128394 138682 148970 159258 170039 180820 191601 203141 214681 226221 238727 251233 263739 276745 289751 302757 316000 329243 342486 355907 369328 382749 396142 409535 422928 436361 449794 463227 476681 490135 503589 517113 530637 544161 557576 570991 584406 597873 611340 624807 638211 651615 665019 678421 691823 705225 718255 731285 744315 757444 770573 783702 796746 809790 822834 835916 848998 862080 875063 888046 901029 914155 927281 940407 953340 966273 979206 992255 1005304 1018353 1031741 1045129 1058517 1071922 1085327 1098732 1112069 1125406 
0 8167 16334 24501 32143 39785 47427 55752 64077 72402 81659 90916 100173 110216 120259 130302 140743 151184 161625 172564 183503 194442 206136 217830 229524 242199 254874 267549 280729 293909 307089 320524 333959 347394 361002 374610 388218 401807 415396 428985 442612 456239 469866 483514 497162 510810 524530 538250 551970 565581 579192 592803 606465 620127 633789 647387 660985 674583 688177 701771 715365 728585 741805 755025 768344 781663 794982 808207 821432 834657 847913 861169 874425 887570 900715 913860 927138 940416 953694 966784 979874 992964 1006182 1019400 1032618 1046186 1059754 1073322 1086917 1100512 1114107 1127643 1141179 
0 8355 16710 25065 32836 40607 48378 56780 65182 73584 82961 92338 101715 111886 122057 132228 142817 153406 163995 175081 186167 197253 209100 220947 232794 245634 258474 271314 284665 298016 311367 324983 338599 352215 366010 379805 393600 407375 421150 434925 448746 462567 476388 490227 504066 517905 531818 545731 559644 573444 587244 601044 614896 628748 642600 656387 670174 683961 697740 711519 725298 738696 752094 765492 778990 792488 805986 819378 832770 846162 859583 873004 886425 899728 913031 926334 939766 953198 966630 979880 993130 1006380 1019772 1033164 1046556 1060308 1074060 1087812 1101600 1115388 1129176 1142914 1156652 
0 8538 17076 25614 33509 41404 49299 57767 66235 74703 84176 93649 103122 113410 123698 133986 144722 155458 166194 177434 188674 199914 211921 223928 235935 248937 261939 274941 288459 301977 315495 329291 343087 356883 370870 384857 398844 412811 426778 440745 454760 468775 482790 496818 510846 524874 538970 553066 567162 581146 595130 609114 623152 637190 651228 665196 679164 693132 707093 721054 735015 748590 762165 775740 789408 803076 816744 830304 843864 857424 871004 884584 898164 911623 925082 938541 952130 965719 979308 992725 1006142 1019559 1033124 1046689 1060254 1074190 1088126 1102062 1116043 1130024 1144005 1157943 1171881 
0 8728 17456 26184 34201 42218 50235 58804 67373 75942 85483 95024 104565 114980 125395 135810 146690 157570 168450 179847 191244 202641 214807 226973 239139 252307 265475 278643 292331 306019 319707 333684 347661 361638 375810 389982 404154 418310 432466 446622 460828 475034 489240 503453 517666 531879 546163 560447 574731 588898 603065 617232 631454 645676 659898 674046 688194 702342 716478 730614 744750 758496 772242 785988 799826 813664 827502 841229 854956 868683 882431 896179 909927 923542 937157 950772 964521 978270 992019 1005605 1019191 1032777 1046521 1060265 1074009 1088132 1102255 1116378 1130554 1144730 1158906 1173045 1187184 
0 8927 17854 26781 34914 43047 51180 59890 68600 77310 86911 96512 106113 116650 127187 137724 148754 159784 170814 182367 193920 205473 217801 230129 242457 255794 269131 282468 296336 310204 324072 338232 352392 366552 380915 395278 409641 423983 438325 452667 467060 481453 495846 510240 524634 539028 553493 567958 582423 596772 611121 625470 639870 654270 668670 682994 697318 711642 725953 740264 754575 768491 782407 796323 810325 824327 838329 852216 866103 879990 893903 907816 921729 935517 949305 963093 977005 990917 1004829 1018586 1032343 1046100 1060019 1073938 1087857 1102161 1116465 1130769 1145136 1159503 1173870 1188213 1202556 
0 9125 18250 27375 35658 43941 52224 61098 69972 78846 88487 98128 107769 118419 129069 139719 150891 162063 173235 184945 196655 208365 220858 233351 245844 259350 272856 286362 300411 314460 328509 342848 357187 371526 386077 400628 415179 429712 444245 458778 473361 487944 502527 517106 531685 546264 560912 575560 590208 604737 619266 633795 648374 662953 677532 692034 706536 721038 735524 750010 764496 778582 792668 806754 820926 835098 849270 863326 877382 891438 905518 919598 933678 947641 961604 975567 989654 1003741 1017828 1031750 1045672 1059594 1073687 1087780 1101873 1116366 1130859 1145352 1159911 1174470 1189029 1203575 1218121 
0 9316 18632 27948 36380 44812 53244 62287 71330 80373 90034 99695 109356 120100 130844 141588 152898 164208 175518 187388 199258 211128 223788 236448 249108 262787 276466 290145 304369 318593 332817 347337 361857 376377 391118 405859 420600 435324 450048 464772 479549 494326 509103 523868 538633 553398 568230 583062 597894 612611 627328 642045 656807 671569 686331 701009 715687 730365 745030 759695 774360 788621 802882 817143 831486 845829 860172 874403 888634 902865 917127 931389 945651 959793 973935 988077 1002345 1016613 1030881 1044985 1059089 1073193 1087464 1101735 1116006 1130687 1145368 1160049 1174802 1189555 1204308 1219059 1233810 
0 9512 19024 28536 37116 45696 54276 63494 72712 81930 91641 101352 111063 121852 132641 143430 154867 166304 177741 189759 201777 213795 226623 239451 252279 266134 279989 293844 308249 322654 337059 351762 366465 381168 396100 411032 425964 440878 455792 470706 485673 500640 515607 530563 545519 560475 575497 590519 605541 620444 635347 650250 665197 680144 695091 709952 724813 739674 754525 769376 784227 798675 813123 827571 842099 856627 871155 885577 899999 914421 928876 943331 957786 972113 986440 1000767 1015205 1029643 1044081 1058354 1072627 1086900 1101336 1115772 1130208 1145064 1159920 1174776 1189723 1204670 1219617 1234575 1249533 
0 9703 19406 29109 37814 46519 55224 64607 73990 83373 93150 102927 112704 123517 134330 145143 156715 168287 179859 192018 204177 216336 229331 242326 255321 269349 283377 297405 311992 326579 341166 356054 370942 385830 400951 416072 431193 446297 461401 476505 491660 506815 521970 537118 552266 567414 582630 597846 613062 628161 643260 658359 673503 688647 703791 718845 733899 748953 764000 779047 794094 808737 823380 838023 852744 867465 882186 896812 911438 926064 940715 955366 970017 984534 999051 1013568 1028178 1042788 1057398 1071834 1086270 1100706 1115286 1129866 1144446 1159457 1174468 1189479 1204601 1219723 1234845 1249981 1265117 
0 9891 19782 29673 38538 47403 56268 65831 75394 84957 94831 104705 114579 125409 136239 147069 158758 170447 182136 194431 206726 219021 232180 245339 258498 272697 286896 301095 315862 330629 345396 360463 375530 390597 405912 421227 436542 451843 467144 482445 497795 513145 528495 543838 559181 574524 589939 605354 620769 636060 651351 666642 681984 697326 712668 727923 743178 758433 773689 788945 804201 819046 833891 848736 863660 878584 893508 908336 923164 937992 952844 967696 982548 997255 1011962 1026669 1041453 1056237 1071021 1085609 1100197 1114785 1129448 1144111 1158774 1173857 1188940 1204023 1219262 1234501 1249740 1265019 1280298 
0 10080 20160 30240 39300 48360 57420 67148 76876 86604 96542 106480 116418 127288 138158 149028 160793 172558 184323 196749 209175 221601 234918 248235 261552 275923 290294 304665 319606 334547 349488 364734 379980 395226 410727 426228 441729 457218 472707 488196 503742 519288 534834 550374 565914 581454 597065 612676 628287 643779 659271 674763 690299 705835 721371 736829 752287 767745 783204 798663 814122 829174 844226 859278 874411 889544 904677 919708 934739 949770 964820 979870 994920 1009817 1024714 1039611 1054581 1069551 1084521 1099269 1114017 1128765 1143591 1158417 1173243 1188496 1203749 1219002 1234366 1249730 1265094 1280456 1295818 
0 10261 20522 30783 40027 49271 58515 68405 78295 88185 98184 108183 118182 129091 140000 150909 162715 174521 186327 198878 211429 223980 237437 250894 264351 278886 293421 307956 323072 338188 353304 368729 384154 399579 415263 430947 446631 462304 477977 493650 509390 525130 540870 556605 572340 588075 603892 619709 635526 651222 666918 682614 698354 714094 729834 745496 761158 776820 792488 808156 823824 839086 854348 869610 884947 900284 915621 930853 946085 961317 976566 991815 1007064 1022154 1037244 1052334 1067494 1082654 1097814 1112749 1127684 1142619 1157641 1172663 1187685 1203135 1218585 1234035 1249586 1265137 1280688 1296196 1311704 
0 10443 20886 31329 40756 50183 59610 69649 79688 89727 99829 109931 120033 130968 141903 152838 164686 176534 188382 201026 213670 226314 239906 253498 267090 281787 296484 311181 326470 341759 357048 372652 388256 403860 419721 435582 451443 467299 483155 499011 514941 530871 546801 562739 578677 594615 610633 626651 642669 658568 674467 690366 706311 722256 738201 754072 769943 785814 801693 817572 833451 848920 864389 879858 895397 910936 926475 941909 957343 972777 988224 1003671 1019118 1034407 1049696 1064985 1080343 1095701 1111059 1126198 1141337 1156476 1171702 1186928 1202154 1217810 1233466 1249122 1264882 1280642 1296402 1312101 1327800 
0 10630 21260 31890 41504 51118 60732 70935 81138 91341 101551 111761 121971 132940 143909 154878 166768 178658 190548 203256 215964 228672 242391 256110 269829 284679 299529 314379 329837 345295 360753 376528 392303 408078 424119 440160 456201 472236 488271 504306 520426 536546 552666 568794 584922 601050 617264 633478 649692 665793 681894 697995 714146 730297 746448 762519 778590 794661 810748 826835 842922 858601 874280 889959 905701 921443 937185 952819 968453 984087 999733 1015379 1031025 1046517 1062009 1077501 1093069 1108637 1124205 1139556 1154907 1170258 1185692 1201126 1216560 1232425 1248290 1264155 1280129 1296103 1312077 1327986 1343895 
0 10818 21636 32454 42240 52026 61812 72197 82582 92967 103274 113581 123888 134878 145868 156858 168764 180670 192576 205300 218024 230748 244578 258408 272238 287233 302228 317223 332844 348465 364086 380030 395974 411918 428134 444350 460566 476780 492994 509208 525517 541826 558135 574454 590773 607092 623499 639906 656313 672612 688911 705210 721565 737920 754275 770551 786827 803103 819398 835693 851988 867873 883758 899643 915592 931541 947490 963329 979168 995007 1010856 1026705 1042554 1058253 1073952 1089651 1105429 1121207 1136985 1152550 1168115 1183680 1199328 1214976 1230624 1246701 1262778 1278855 1295043 1311231 1327419 1343546 1359673 
0 10988 21976 32964 42924 52884 62844 73355 83866 94377 104744 115111 125478 136482 147486 158490 170400 182310 194220 207015 219810 232605 246533 260461 274389 289523 304657 319791 335568 351345 367122 383232 399342 415452 431842 448232 464622 481011 497400 513789 530275 546761 563247 579751 596255 612759 629360 645961 662562 679060 695558 712056 728613 745170 761727 778208 794689 811170 827672 844174 860676 876771 892866 908961 925118 941275 957432 973477 989522 1005567 1021624 1037681 1053738 1069647 1085556 1101465 1117454 1133443 1149432 1165211 1180990 1196769 1212635 1228501 1244367 1260657 1276947 1293237 1309633 1326029 1342425 1358769 1375113 
0 11159 22318 33477 43618 53759 63900 74514 85128 95742 106191 116640 127089 138101 149113 160125 172042 183959 195876 208743 221610 234477 248468 262459 276450 291700 306950 322200 338121 354042 369963 386236 402509 418782 435346 451910 468474 485036 501598 518160 534824 551488 568152 584837 601522 618207 634997 651787 668577 685273 701969 718665 735425 752185 768945 785628 802311 818994 835698 852402 869106 885407 901708 918009 934374 950739 967104 983355 999606 1015857 1032122 1048387 1064652 1080771 1096890 1113009 1129211 1145413 1161615 1177607 1193599 1209591 1225670 1241749 1257828 1274331 1290834 1307337 1323944 1340551 1357158 1373714 1390270 
0 11333 22666 33999 44308 54617 64926 75664 86402 97140 107610 118080 128550 139570 150590 161610 173579 185548 197517 210458 223399 236340 250365 264390 278415 293767 309119 324471 340529 356587 372645 389077 405509 421941 438674 455407 472140 488875 505610 522345 539184 556023 572862 589727 606592 623457 640433 657409 674385 691276 708167 725058 742018 758978 775938 792825 809712 826599 843502 860405 877308 893817 910326 926835 943405 959975 976545 993003 1009461 1025919 1042396 1058873 1075350 1091676 1108002 1124328 1140741 1157154 1173567 1189775 1205983 1222191 1238483 1254775 1271067 1287786 1304505 1321224 1338042 1354860 1371678 1388439 1405200 
0 11503 23006 34509 45002 55495 65988 76811 87634 98457 108950 119443 129936 141014 152092 163170 175205 187240 199275 212291 225307 238323 252382 266441 280500 295938 311376 326814 342997 359180 375363 391936 408509 425082 441976 458870 475764 492666 509568 526470 543479 560488 577497 594533 611569 628605 645762 662919 680076 697151 714226 731301 748453 765605 782757 799841 816925 834009 851110 868211 885312 902026 918740 935454 952231 969008 985785 1002451 1019117 1035783 1052469 1069155 1085841 1102379 1118917 1135455 1152081 1168707 1185333 1201753 1218173 1234593 1251097 1267601 1284105 1301038 1317971 1334904 1351932 1368960 1385988 1402958 1419928 
0 11665 23330 34995 45655 56315 66975 77933 88891 99849 110370 120891 131412 142540 153668 164796 176926 189056 201186 214248 227310 240372 254484 268596 282708 298251 313794 329337 345628 361919 378210 394920 411630 428340 445386 462432 479478 496542 513606 530670 547842 565014 582186 599393 616600 633807 651141 668475 685809 703066 720323 737580 754923 772266 789609 806887 824165 841443 858740 876037 893334 910252 927170 944088 961069 978050 995031 1011903 1028775 1045647 1062544 1079441 1096338 1113082 1129826 1146570 1163409 1180248 1197087 1213717 1230347 1246977 1263687 1280397 1297107 1314248 1331389 1348530 1365768 1383006 1400244 1417425 1434606 
0 11853 23706 35559 46319 57079 67839 78881 89923 100965 111495 122025 132555 143755 154955 166155 178393 190631 202869 215949 229029 242109 256303 270497 284691 300331 315971 331611 347957 364303 380649 397483 414317 431151 448339 465527 482715 499934 517153 534372 551705 569038 586371 603744 621117 638490 655999 673508 691017 708450 725883 743316 760844 778372 795900 813370 830840 848310 865805 883300 900795 917908 935021 952134 969318 986502 1003686 1020760 1037834 1054908 1072017 1089126 1106235 1123189 1140143 1157097 1174146 1191195 1208244 1225082 1241920 1258758 1275677 1292596 1309515 1326860 1344205 1361550 1379002 1396454 1413906 1431301 1448696 
0 12056 24112 36168 46995 57822 68649 79740 90831 101922 112472 123022 133572 144866 156160 167454 179747 192040 204333 217427 230521 243615 257941 272267 286593 302320 318047 333774 350144 366514 382884 399813 416742 433671 450992 468313 485634 503003 520372 537741 555231 572721 590211 607746 625281 642816 660493 678170 695847 713456 731065 748674 766384 784094 801804 819460 837116 854772 872459 890146 907833 925138 942443 959748 977133 994518 1011903 1029178 1046453 1063728 1081044 1098360 1115676 1132842 1150008 1167174 1184432 1201690 1218948 1235996 1253044 1270092 1287218 1304344 1321470 1339025 1356580 1374135 1391799 1409463 1427127 1444736 1462345 
0 12267 24534 36801 47777 58753 69729 80855 91981 103107 113739 124371 135003 146385 157767 169149 181476 193803 206130 219328 232526 245724 260207 274690 289173 304967 320761 336555 352954 369353 385752 402734 419716 436698 454144 471590 489036 506547 524058 541569 559213 576857 594501 612193 629885 647577 665415 683253 701091 718867 736643 754419 772304 790189 808074 825913 843752 861591 879463 897335 915207 932703 950199 967695 985280 1002865 1020450 1037926 1055402 1072878 1090400 1107922 1125444 1142816 1160188 1177560 1195030 1212500 1229970 1247230 1264490 1281750 1299088 1316426 1333764 1351532 1369300 1387068 1404944 1422820 1440696 1458518 1476340 
0 12392 24784 37176 48281 59386 70491 81685 92879 104073 114819 125565 136311 147765 159219 170673 183019 195365 207711 221007 234303 247599 262224 276849 291474 307303 323132 338961 355386 371811 388236 405258 422280 439302 456826 474350 491874 509518 527162 544806 562601 580396 598191 616041 633891 651741 669740 687739 705738 723680 741622 759564 777618 795672 813726 831742 849758 867774 885832 903890 921948 939633 957318 975003 992787 1010571 1028355 1046033 1063711 1081389 1099112 1116835 1134558 1152136 1169714 1187292 1204974 1222656 1240338 1257809 1275280 1292751 1310302 1327853 1345404 1363387 1381370 1399353 1417444 1435535 1453626 1471661 1489696 
0 12521 25042 37563 48686 59809 70932 82241 93550 104859 115720 126581 137442 148991 160540 172089 184485 196881 209277 222735 236193 249651 264391 279131 293871 309727 325583 341439 357899 374359 390819 407870 424921 441972 459532 477092 494652 512413 530174 547935 565869 583803 601737 619739 637741 655743 673900 692057 710214 728321 746428 764535 782757 800979 819201 837389 855577 873765 892003 910241 928479 946349 964219 982089 1000063 1018037 1036011 1053889 1071767 1089645 1107577 1125509 1143441 1161224 1179007 1196790 1214683 1232576 1250469 1268151 1285833 1303515 1321282 1339049 1356816 1375013 1393210 1411407 1429714 1448021 1466328 1484578 1502828 
0 12688 25376 38064 49244 60424 71604 83041 94478 105915 116843 127771 138699 150315 161931 173547 186027 198507 210987 224620 238253 251886 266758 281630 296502 312482 328462 344442 360936 377430 393924 411006 428088 445170 462771 480372 497973 515803 533633 551463 569532 587601 605670 623818 641966 660114 678429 696744 715059 733324 751589 769854 788240 806626 825012 843369 861726 880083 898493 916903 935313 953356 971399 989442 1007609 1025776 1043943 1062016 1080089 1098162 1116296 1134430 1152564 1170551 1188538 1206525 1224632 1242739 1260846 1278738 1296630 1314522 1332501 1350480 1368459 1386874 1405289 1423704 1442229 1460754 1479279 1497746 1516213 
0 12810 25620 38430 49721 61012 72303 83873 95443 107013 118019 129025 140031 151689 163347 175005 187631 200257 212883 226662 240441 254220 269246 284272 299298 315383 331468 347553 364078 380603 397128 414241 431354 448467 466116 483765 501414 519298 537182 555066 573228 591390 609552 627840 646128 664416 682879 701342 719805 738228 756651 775074 793620 812166 830712 849235 867758 886281 904863 923445 942027 960242 978457 996672 1015017 1033362 1051707 1069969 1088231 1106493 1124830 1143167 1161504 1179701 1197898 1216095 1234406 1252717 1271028 1289130 1307232 1325334 1343525 1361716 1379907 1398540 1417173 1435806 1454553 1473300 1492047 1510734 1529421 
0 12954 25908 38862 50301 61740 73179 84851 96523 108195 119266 130337 141408 153147 164886 176625 189447 202269 215091 229006 242921 256836 272026 287216 302406 318585 334764 350943 367524 384105 400686 417836 434986 452136 469828 487520 505212 523157 541102 559047 577259 595471 613683 632095 650507 668919 687524 706129 724734 743308 761882 780456 799158 817860 836562 855245 873928 892611 911360 930109 948858 967249 985640 1004031 1022555 1041079 1059603 1078057 1096511 1114965 1133495 1152025 1170555 1188958 1207361 1225764 1244276 1262788 1281300 1299604 1317908 1336212 1354616 1373020 1391424 1410275 1429126 1447977 1466950 1485923 1504896 1523804 1542712 
0 13130 26260 39390 50984 62578 74172 85913 97654 109395 120520 131645 142770 154614 166458 178302 191335 204368 217401 231440 245479 259518 274854 290190 305526 321782 338038 354294 370913 387532 404151 421397 438643 455889 473627 491365 509103 527106 545109 563112 581384 599656 617928 636417 654906 673395 692133 710871 729609 748331 767053 785775 804629 823483 842337 861177 880017 898857 917769 936681 955593 974152 992711 1011270 1029968 1048666 1067364 1085997 1104630 1123263 1141985 1160707 1179429 1198026 1216623 1235220 1253931 1272642 1291353 1309860 1328367 1346874 1365487 1384100 1402713 1421776 1440839 1459902 1479093 1498284 1517475 1536605 1555735 
0 13319 26638 39957 51739 63521 75303 87095 98887 110679 121885 133091 144297 156307 168317 180327 193544 206761 219978 234140 248302 262464 277903 293342 308781 325108 341435 357762 374430 391098 407766 425047 442328 459609 477397 495185 512973 531024 549075 567126 585456 603786 622116 640658 659200 677742 696555 715368 734181 753044 771907 790770 809772 828774 847776 866767 885758 904749 923818 942887 961956 980680 999404 1018128 1036998 1055868 1074738 1093547 1112356 1131165 1150070 1168975 1187880 1206667 1225454 1244241 1263148 1282055 1300962 1319671 1338380 1357089 1375909 1394729 1413549 1432822 1452095 1471368 1490778 1510188 1529598 1548950 1568302 
0 13532 27064 40596 52580 64564 76548 88428 100308 112188 123478 134768 146058 158288 170518 182748 196103 209458 222813 237048 251283 265518 281062 296606 312150 328532 344914 361296 378012 394728 411444 428776 446108 463440 481277 499114 516951 535054 553157 571260 589652 608044 626436 645028 663620 682212 701079 719946 738813 757770 776727 795684 814825 833966 853107 872245 891383 910521 929744 948967 968190 987068 1005946 1024824 1043856 1062888 1081920 1100900 1119880 1138860 1157939 1177018 1196097 1215069 1234041 1253013 1272116 1291219 1310322 1329229 1348136 1367043 1386064 1405085 1424106 1443587 1463068 1482549 1502175 1521801 1541427 1561001 1580575 
0 13754 27508 41262 53456 65650 77844 89914 101984 114054 125518 136982 148446 160902 173358 185814 199329 212844 226359 240717 255075 269433 285028 300623 316218 332699 349180 365661 382422 399183 415944 433327 450710 468093 485978 503863 521748 539918 558088 576258 594703 613148 631593 650256 668919 687582 706524 725466 744408 763433 782458 801483 820716 839949 859182 878449 897716 916983 936351 955719 975087 994112 1013137 1032162 1051347 1070532 1089717 1108858 1127999 1147140 1166392 1185644 1204896 1224050 1243204 1262358 1281649 1300940 1320231 1339330 1358429 1377528 1396743 1415958 1435173 1454863 1474553 1494243 1514078 1533913 1553748 1573539 1593330 
0 13979 27958 41937 54316 66695 79074 91337 103600 115863 127544 139225 150906 163578 176250 188922 202644 216366 230088 244649 259210 273771 289479 305187 320895 337442 353989 370536 387352 404168 420984 438414 455844 473274 491217 509160 527103 545342 563581 581820 600364 618908 637452 656190 674928 693666 712693 731720 750747 769850 788953 808056 827354 846652 865950 885317 904684 924051 943551 963051 982551 1001721 1020891 1040061 1059391 1078721 1098051 1117349 1136647 1155945 1175357 1194769 1214181 1233503 1252825 1272147 1291626 1311105 1330584 1349871 1369158 1388445 1407852 1427259 1446666 1466553 1486440 1506327 1526368 1546409 1566450 1586456 1606462 
0 14211 28422 42633 55195 67757 80319 92735 105151 117567 129485 141403 153321 166197 179073 191949 205884 219819 233754 248529 263304 278079 293963 309847 325731 342340 358949 375558 392421 409284 426147 443626 461105 478584 496584 514584 532584 550888 569192 587496 606126 624756 643386 662221 681056 699891 719000 738109 757218 776407 795596 814785 834158 853531 872904 892329 911754 931179 950769 970359 989949 1009252 1028555 1047858 1067329 1086800 1106271 1125716 1145161 1164606 1184176 1203746 1223316 1242804 1262292 1281780 1301427 1321074 1340721 1360194 1379667 1399140 1418736 1438332 1457928 1478007 1498086 1518165 1538411 1558657 1578903 1599119 1619335 
0 14446 28892 43338 56062 68786 81510 94085 106660 119235 131395 143555 155715 168804 181893 194982 209141 223300 237459 252458 267457 282456 298539 314622 330705 347447 364189 380931 397845 414759 431673 449204 466735 484266 502320 520374 538428 556801 575174 593547 612267 630987 649707 668634 687561 706488 725707 744926 764145 783422 802699 821976 841429 860882 880335 899828 919321 938814 958458 978102 997746 1017136 1036526 1055916 1075520 1095124 1114728 1134316 1153904 1173492 1193208 1212924 1232640 1252282 1271924 1291566 1311378 1331190 1351002 1370654 1390306 1409958 1429725 1449492 1469259 1489532 1509805 1530078 1550523 1570968 1591413 1611836 1632259 
0 14677 29354 44031 56884 69737 82590 95346 108102 120858 133266 145674 158082 171394 184706 198018 212417 226816 241215 256446 271677 286908 303202 319496 335790 352702 369614 386526 403506 420486 437466 455060 472654 490248 508351 526454 544557 563004 581451 599898 618711 637524 656337 675366 694395 713424 732743 752062 771381 790772 810163 829554 849091 868628 888165 907736 927307 946878 966586 986294 1006002 1025440 1044878 1064316 1083999 1103682 1123365 1143089 1162813 1182537 1202391 1222245 1242099 1261883 1281667 1301451 1321420 1341389 1361358 1381175 1400992 1420809 1440743 1460677 1480611 1501071 1521531 1541991 1562624 1583257 1603890 1624513 1645136 
0 14893 29786 44679 57653 70627 83601 96594 109587 122580 135233 147886 160539 174086 187633 201180 215819 230458 245097 260561 276025 291489 308007 324525 341043 358149 375255 392361 409457 426553 443649 461304 478959 496614 514787 532960 551133 569658 588183 606708 625609 644510 663411 682545 701679 720813 740241 759669 779097 798598 818099 837600 857249 876898 896547 916208 935869 955530 975311 995092 1014873 1034367 1053861 1073355 1093072 1112789 1132506 1152294 1172082 1191870 1211853 1231836 1251819 1271740 1291661 1311582 1331692 1351802 1371912 1391882 1411852 1431822 1451927 1472032 1492137 1512764 1533391 1554018 1574835 1595652 1616469 1637285 1658101 
0 15096 30192 45288 58399 71510 84621 97857 111093 124329 137224 150119 163014 176800 190586 204372 219256 234140 249024 264730 280436 296142 312890 329638 346386 363704 381022 398340 415600 432860 450120 467835 485550 503265 521506 539747 557988 576590 595192 613794 632782 651770 670758 689994 709230 728466 748010 767554 787098 806714 826330 845946 865705 885464 905223 924979 944735 964491 984367 1004243 1024119 1043681 1063243 1082805 1102568 1122331 1142094 1161904 1181714 1201524 1221569 1241614 1261659 1281708 1301757 1321806 1342048 1362290 1382532 1402633 1422734 1442835 1463097 1483359 1503621 1524413 1545205 1565997 1586989 1607981 1628973 1649971 1670969 
0 15290 30580 45870 59156 72442 85728 99216 112704 126192 139323 152454 165585 179524 193463 207402 222525 237648 252771 268721 284671 300621 317605 334589 351573 369113 386653 404193 421644 439095 456546 474356 492166 509976 528278 546580 564882 583559 602236 620913 639984 659055 678126 697463 716800 736137 755796 775455 795114 814845 834576 854307 874181 894055 913929 933796 953663 973530 993501 1013472 1033443 1053079 1072715 1092351 1112174 1131997 1151820 1171671 1191522 1211373 1231430 1251487 1271544 1291649 1311754 1331859 1352230 1372601 1392972 1413199 1433426 1453653 1474043 1494433 1514823 1535772 1556721 1577670 1598825 1619980 1641135 1662305 1683475 
0 15467 30934 46401 59902 73403 86904 100643 114382 128121 141475 154829 168183 182260 196337 210414 225690 240966 256242 272398 288554 304710 321924 339138 356352 374121 391890 409659 427316 444973 462630 480596 498562 516528 534893 553258 571623 590377 609131 627885 647037 666189 685341 704776 724211 743646 763417 783188 802959 822790 842621 862452 882437 902422 922407 942393 962379 982365 1002440 1022515 1042590 1062301 1082012 1101723 1121605 1141487 1161369 1181274 1201179 1221084 1241164 1261244 1281324 1301435 1321546 1341657 1362067 1382477 1402887 1423238 1443589 1463940 1484453 1504966 1525479 1546562 1567645 1588728 1610042 1631356 1652670 1674006 1695342 
0 15671 31342 47013 60739 74465 88191 102183 116175 130167 143727 157287 170847 185052 199257 213462 228870 244278 259686 275972 292258 308544 325896 343248 360600 378516 396432 414348 432214 450080 467946 486101 504256 522411 540875 559339 577803 596630 615457 634284 653510 672736 691962 711494 731026 750558 770443 790328 810213 830160 850107 870054 890161 910268 930375 950485 970595 990705 1010896 1031087 1051278 1071083 1090888 1110693 1130650 1150607 1170564 1190535 1210506 1230477 1250600 1270723 1290846 1310970 1331094 1351218 1371640 1392062 1412484 1432878 1453272 1473666 1494284 1514902 1535520 1556725 1577930 1599135 1620595 1642055 1663515 1685013 1706511 
0 15911 31822 47733 61698 75663 89628 103871 118114 132357 146128 159899 173670 188010 202350 216690 232232 247774 263316 279740 296164 312588 330069 347550 365031 383066 401101 419136 437120 455104 473088 491413 509738 528063 546695 565327 583959 602850 621741 640632 659934 679236 698538 718159 737780 757401 777391 797381 817371 837441 857511 877581 897815 918049 938283 958521 978759 998997 1019308 1039619 1059930 1079838 1099746 1119654 1139693 1159732 1179771 1199812 1219853 1239894 1260071 1280248 1300425 1320583 1340741 1360899 1381333 1401767 1422201 1442612 1463023 1483434 1504095 1524756 1545417 1566702 1587987 1609272 1630857 1652442 1674027 1695673 1717319 
0 16136 32272 48408 62589 76770 90951 105449 119947 134445 148451 162457 176463 191003 205543 220083 235779 251475 267171 283736 300301 316866 334484 352102 369720 387882 406044 424206 442304 460402 478500 496922 515344 533766 552500 571234 589968 608954 627940 646926 666298 685670 705042 724742 744442 764142 784221 804300 824379 844563 864747 884931 905293 925655 946017 966386 986755 1007124 1027560 1047996 1068432 1088447 1108462 1128477 1148609 1168741 1188873 1208991 1229109 1249227 1269458 1289689 1309920 1330117 1350314 1370511 1390968 1411425 1431882 1452302 1472722 1493142 1513831 1534520 1555209 1576545 1597881 1619217 1640872 1662527 1684182 1705945 1727708 
